-4.00543e-05
-4.00543e-05
-4.00543e-05
-4.00543e-05
-4.00543e-05
-4.00543e-05
-4.00543e-05
-4.00543e-05
-4.00543e-05
-4.00543e-05
-4.00543e-05
-4.00543e-05
-4.00543e-05
-4.00543e-05
-4.00543e-05
-4.00543e-05
-4.00543e-05
-4.00543e-05
-4.00543e-05
-4.00543e-05
-4.00543e-05
-4.00543e-05
-4.00543e-05
-4.00543e-05
-4.00543e-05
-4.00543e-05
-4.00543e-05
-4.00543e-05
-4.00543e-05
-4.00543e-05
-4.00543e-05
-4.00543e-05
-4.00543e-05
-4.00543e-05
-4.00543e-05
-4.00543e-05
-4.00543e-05
-4.00543e-05
-4.00543e-05
-4.00543e-05
-4.00543e-05
-4.00543e-05
-4.00543e-05
-4.00543e-05
-4.00543e-05
-4.00543e-05
-4.00543e-05
-4.00543e-05
-4.00543e-05
-4.00543e-05
-4.00543e-05
-4.00543e-05
-4.00543e-05
-4.00543e-05
-4.00543e-05
-4.00543e-05
-4.00543e-05
-4.00543e-05
-4.00543e-05
-4.00543e-05
-4.00543e-05
-4.00543e-05
-4.00543e-05
-4.00543e-05
-4.00543e-05
-4.00543e-05
-4.00543e-05
-4.00543e-05
-4.00543e-05
-4.29153e-05
-5.05447e-05
-4.29153e-05
-4.29153e-05
-4.29153e-05
-4.48227e-05
-5.43594e-05
-6.29425e-05
-7.24792e-05
-8.2016e-05
-9.15527e-05
-0.000101089
-0.000109673
-0.000119209
-0.000128746
-0.000137329
-0.000146866
-0.000156403
-0.000173569
-0.000191689
-0.000210762
-0.000228882
-0.000247955
-0.000267029
-0.000285149
-0.000304222
-0.000322342
-0.000341415
-0.000359535
-0.000380516
-0.000398636
-0.000417709
-0.000435829
-0.000454903
-0.000473022
-0.000492096
-0.000510216
-0.000528336
-0.000547409
-0.000565529
-0.000583649
-0.000602722
-0.000620842
-0.000638962
-0.000658035
-0.000674248
-0.000682831
-0.000691414
-0.000700951
-0.000709534
-0.000718117
-0.0007267
-0.000735283
-0.000743866
-0.000752449
-0.000761032
-0.000770569
-0.000779152
-0.000787735
-0.000796318
-0.000804901
-0.000813484
-0.000822067
-0.00083065
-0.000839233
-0.000847816
-0.000852585
-0.000851631
-0.000850677
-0.000849724
-0.00084877
-0.000846863
-0.000845909
-0.000844955
-0.000843048
-0.000842094
-0.000841141
-0.000839233
-0.00083828
-0.000836372
-0.000835419
-0.000833511
-0.000831604
-0.00083065
-0.000828743
-0.000824928
-0.000811577
-0.000800133
-0.000786781
-0.000775337
-0.000762939
-0.000751495
-0.000738144
-0.0007267
-0.000713348
-0.000701904
-0.000688553
-0.000677109
-0.000663757
-0.000652313
-0.000638962
-0.000626564
-0.000614166
-0.000601768
-0.000589371
-0.000576019
-0.000563622
-0.000551224
-0.000538826
-0.000525475
-0.000513077
-0.000500679
-0.000487328
-0.00047493
-0.000462532
-0.000449181
-0.000436783
-0.000423431
-0.000411987
-0.000397682
-0.000386238
-0.000371933
-0.000360489
-0.000346184
-0.00033474
-0.000320435
-0.00030899
-0.000304222
-0.000301361
-0.0002985
-0.000296593
-0.000293732
-0.000290871
-0.000288963
-0.000286102
-0.000284195
-0.000281334
-0.000278473
-0.000276566
-0.000273705
-0.000270844
-0.000267982
-0.000265121
-0.000263214
-0.000260353
-0.000257492
-0.000255585
-0.000252724
-0.000249863
-0.000247955
-0.000245094
-0.000242233
-0.000240326
-0.000238419
-0.000235558
-0.000232697
-0.000230789
-0.000227928
-0.000225067
-0.00022316
-0.000220299
-0.000217438
-0.00021553
-0.000212669
-0.000209808
-0.000207901
-0.00020504
-0.000203133
-0.000200272
-0.000197411
-0.000195503
-0.000192642
-0.000189781
-0.000187874
-0.000185013
-0.000182152
-0.000180244
-0.000177383
-0.000175476
-0.000172615
-0.000170708
-0.000167847
-0.000164986
-0.000163078
-0.000160217
-0.000157356
-0.000155449
-0.000152588
-0.000149727
-0.00014782
-0.000144005
-0.000142097
-0.000139236
-0.000136375
-0.000134468
-0.000131607
-0.000128746
-0.000126839
-0.000123978
-0.000121117
-0.000119209
-0.000116348
-0.000113487
-0.000110626
-0.000107765
-0.000105858
-0.000102997
-0.000100136
-9.82285e-05
-9.53674e-05
-9.25064e-05
-9.05991e-05
-8.7738e-05
-8.4877e-05
-8.29697e-05
-8.10623e-05
-7.82013e-05
-7.53403e-05
-7.34329e-05
-7.05719e-05
-6.77109e-05
-6.58035e-05
-6.29425e-05
-6.00815e-05
-5.81741e-05
-5.53131e-05
-5.34058e-05
-5.05447e-05
-4.76837e-05
-4.57764e-05
-4.29153e-05
-4.00543e-05
-3.8147e-05
-3.52859e-05
-3.24249e-05
-3.05176e-05
-2.76566e-05
-2.47955e-05
-2.28882e-05
-2.00272e-05
-1.71661e-05
-1.43051e-05
-1.23978e-05
-9.53674e-06
-6.67572e-06
-4.76837e-06
-1.90735e-06
9.53674e-07
2.86102e-06
5.72205e-06
8.58307e-06
1.14441e-05
1.43051e-05
1.62125e-05
1.90735e-05
2.19345e-05
2.38419e-05
2.67029e-05
2.95639e-05
3.14713e-05
3.43323e-05
3.71933e-05
3.91006e-05
4.19617e-05
4.3869e-05
4.673e-05
4.95911e-05
5.14984e-05
5.43594e-05
5.72205e-05
5.91278e-05
6.19888e-05
6.48499e-05
6.67572e-05
6.96182e-05
7.15256e-05
7.43866e-05
7.62939e-05
7.9155e-05
8.2016e-05
8.39233e-05
8.67844e-05
8.96454e-05
9.15527e-05
9.44138e-05
9.72748e-05
9.91821e-05
0.000102997
0.000104904
0.000107765
0.000110626
0.000112534
0.000115395
0.000118256
0.000120163
0.000123024
0.000125885
0.000127792
0.000130653
0.000132561
0.000135422
0.000138283
0.00014019
0.000143051
0.000145912
0.00014782
0.000150681
0.000153542
0.000155449
0.000152588
0.000144958
0.000136375
0.000127792
0.000121117
0.000116348
0.000118256
0.000121117
0.000123978
0.000125885
0.000128746
0.000131607
0.000133514
0.000136375
0.000139236
-6.67572e-05
-6.67572e-05
-6.67572e-05
-6.67572e-05
-6.67572e-05
-6.67572e-05
-6.67572e-05
-6.67572e-05
-6.67572e-05
-6.67572e-05
-6.67572e-05
-6.67572e-05
-6.67572e-05
-6.67572e-05
-6.67572e-05
-6.67572e-05
-6.67572e-05
-6.67572e-05
-6.67572e-05
-6.67572e-05
-6.67572e-05
-6.67572e-05
-6.67572e-05
-6.67572e-05
-6.67572e-05
-6.67572e-05
-6.67572e-05
-6.67572e-05
-6.67572e-05
-6.67572e-05
-6.67572e-05
-6.67572e-05
-6.67572e-05
-6.67572e-05
-6.67572e-05
-6.67572e-05
-6.67572e-05
-6.67572e-05
-6.67572e-05
-6.67572e-05
-6.67572e-05
-6.67572e-05
-6.67572e-05
-6.67572e-05
-6.67572e-05
-6.67572e-05
-6.67572e-05
-6.67572e-05
-6.67572e-05
-6.67572e-05
-6.67572e-05
-6.67572e-05
-6.67572e-05
-6.67572e-05
-6.67572e-05
-6.67572e-05
-6.67572e-05
-6.67572e-05
-6.67572e-05
-6.67572e-05
-6.67572e-05
-6.67572e-05
-6.67572e-05
-6.67572e-05
-6.67572e-05
-6.67572e-05
-6.67572e-05
-6.67572e-05
-6.67572e-05
-6.67572e-05
-6.67572e-05
-6.67572e-05
-6.67572e-05
-6.67572e-05
-6.67572e-05
-6.67572e-05
-6.67572e-05
-6.67572e-05
-6.67572e-05
-6.67572e-05
-6.67572e-05
-6.67572e-05
-6.67572e-05
-6.67572e-05
-6.67572e-05
-6.67572e-05
-6.67572e-05
-6.67572e-05
-6.67572e-05
-6.67572e-05
-6.67572e-05
-6.67572e-05
-6.67572e-05
-6.67572e-05
-6.67572e-05
-6.67572e-05
-6.67572e-05
-6.67572e-05
-6.67572e-05
-6.67572e-05
-6.67572e-05
-6.67572e-05
-6.67572e-05
-6.67572e-05
-6.67572e-05
-6.67572e-05
-6.67572e-05
-6.67572e-05
-6.67572e-05
-6.67572e-05
-6.67572e-05
-6.67572e-05
-6.67572e-05
-6.67572e-05
-6.67572e-05
-6.67572e-05
-6.67572e-05
-6.67572e-05
-6.67572e-05
-6.67572e-05
-6.67572e-05
-6.67572e-05
-6.67572e-05
-6.67572e-05
-6.67572e-05
-6.67572e-05
-6.67572e-05
-6.67572e-05
-6.67572e-05
-6.67572e-05
-6.67572e-05
-6.67572e-05
-6.67572e-05
-6.67572e-05
-6.67572e-05
-6.67572e-05
-6.67572e-05
-6.67572e-05
-6.67572e-05
-6.67572e-05
-6.67572e-05
-6.67572e-05
-6.67572e-05
-6.67572e-05
-6.67572e-05
-6.67572e-05
-6.67572e-05
-6.67572e-05
-6.67572e-05
-6.67572e-05
-6.67572e-05
-6.67572e-05
-6.67572e-05
-6.67572e-05
-6.67572e-05
-6.67572e-05
-6.67572e-05
-6.67572e-05
-6.67572e-05
-6.67572e-05
-6.67572e-05
-6.67572e-05
-6.67572e-05
-6.67572e-05
-6.67572e-05
-6.67572e-05
-6.67572e-05
-6.67572e-05
-6.67572e-05
-6.67572e-05
-6.67572e-05
-6.67572e-05
-6.67572e-05
-6.67572e-05
-6.67572e-05
-6.67572e-05
-6.67572e-05
-6.67572e-05
-6.67572e-05
-6.67572e-05
-6.67572e-05
-6.67572e-05
-6.67572e-05
-6.67572e-05
-6.67572e-05
-6.67572e-05
-6.67572e-05
-6.67572e-05
-6.67572e-05
-6.67572e-05
-6.67572e-05
-6.67572e-05
-6.67572e-05
-6.67572e-05
-6.67572e-05
-6.67572e-05
-6.67572e-05
-6.67572e-05
-6.67572e-05
-6.67572e-05
-6.67572e-05
-6.67572e-05
-6.67572e-05
-6.67572e-05
-6.67572e-05
-6.67572e-05
-6.67572e-05
-6.67572e-05
-6.67572e-05
-6.67572e-05
-6.67572e-05
-6.67572e-05
-6.67572e-05
-6.67572e-05
-6.67572e-05
-6.67572e-05
-6.67572e-05
-6.67572e-05
-6.67572e-05
-6.67572e-05
-6.67572e-05
-6.67572e-05
-6.67572e-05
-6.67572e-05
-6.67572e-05
-6.67572e-05
-6.67572e-05
-6.67572e-05
-6.67572e-05
-6.67572e-05
-6.67572e-05
-6.67572e-05
-6.67572e-05
-6.67572e-05
-6.67572e-05
-6.67572e-05
-6.67572e-05
-6.67572e-05
-6.67572e-05
-6.67572e-05
-6.67572e-05
-6.67572e-05
-6.67572e-05
-6.67572e-05
-6.67572e-05
-6.67572e-05
-6.67572e-05
-6.67572e-05
-6.67572e-05
-6.67572e-05
-6.67572e-05
-6.67572e-05
-6.67572e-05
-6.67572e-05
-6.67572e-05
-6.67572e-05
-6.67572e-05
-6.67572e-05
-6.67572e-05
-6.67572e-05
-6.67572e-05
-6.67572e-05
-6.67572e-05
-6.67572e-05
-6.67572e-05
-6.67572e-05
-6.67572e-05
-6.67572e-05
-6.67572e-05
-6.67572e-05
-6.67572e-05
-6.67572e-05
-6.67572e-05
-6.67572e-05
-6.67572e-05
-6.67572e-05
-6.67572e-05
-6.67572e-05
-0.000107765
-0.00104046
-0.00310516
-0.00616169
-0.010087
-0.0147886
-0.0201635
-0.0261345
-0.0326214
-0.0395527
-0.0468636
-0.0544968
-0.0623922
-0.070507
-0.0787821
-0.0871887
-0.0956764
-0.104218
-0.112783
-0.121343
-0.129876
-0.138356
-0.146782
-0.155114
-0.163333
-0.171474
-0.179502
-0.187398
-0.195176
-0.202831
-0.210355
-0.217741
-0.225
-0.232128
-0.239138
-0.245992
-0.252708
-0.259283
-0.26575
-0.272066
-0.278255
-0.284318
-0.290253
-0.296056
-0.301732
-0.307297
-0.312738
-0.318059
-0.323272
-0.328372
-0.333341
-0.338212
-0.342972
-0.347629
-0.352173
-0.356629
-0.360994
-0.365261
-0.36943
-0.373502
-0.377476
-0.381372
-0.385186
-0.388902
-0.392526
-0.396086
-0.399544
-0.402928
-0.406245
-0.409479
-0.412635
-0.415728
-0.418742
-0.421689
-0.424567
-0.427387
-0.430149
-0.432837
-0.435468
-0.438025
-0.440515
-0.44296
-0.445341
-0.44767
-0.449949
-0.452162
-0.454325
-0.456444
-0.458509
-0.460536
-0.462514
-0.464415
-0.466281
-0.468113
-0.469887
-0.471622
-0.473328
-0.474966
-0.476584
-0.478144
-0.47968
-0.481157
-0.482615
-0.484043
-0.485409
-0.48675
-0.488052
-0.489326
-0.49056
-0.491755
-0.49293
-0.494053
-0.495166
-0.496259
-0.497309
-0.498348
-0.499349
-0.50032
-0.501278
-0.502187
-0.503066
-0.503941
-0.504781
-0.505592
-0.506365
-0.507133
-0.507871
-0.508599
-0.509298
-0.509979
-0.51063
-0.511271
-0.511889
-0.512505
-0.513068
-0.513637
-0.514176
-0.514682
-0.515177
-0.515668
-0.516124
-0.516581
-0.517014
-0.517421
-0.517829
-0.518228
-0.518597
-0.518951
-0.519277
-0.519608
-0.519938
-0.520248
-0.520555
-0.520861
-0.521142
-0.521399
-0.521632
-0.52189
-0.522109
-0.522332
-0.522527
-0.522716
-0.522886
-0.523056
-0.523177
-0.523304
-0.52343
-0.523541
-0.523629
-0.523717
-0.523794
-0.523867
-0.523926
-0.523969
-0.524013
-0.524042
-0.524071
-0.524091
-0.524096
-0.524091
-0.524066
-0.524052
-0.524028
-0.523989
-0.52395
-0.523901
-0.523848
-0.523799
-0.523736
-0.523639
-0.523566
-0.523464
-0.523357
-0.523265
-0.523163
-0.523036
-0.52294
-0.522803
-0.522687
-0.52256
-0.522425
-0.522279
-0.522123
-0.521977
-0.521812
-0.521652
-0.521482
-0.521327
-0.521161
-0.521006
-0.520822
-0.520637
-0.520452
-0.520277
-0.520073
-0.519889
-0.519694
-0.51952
-0.519316
-0.519116
-0.518922
-0.518713
-0.518538
-0.5183
-0.518111
-0.517898
-0.517673
-0.517455
-0.517237
-0.517018
-0.516814
-0.516615
-0.516392
-0.516163
-0.515915
-0.515668
-0.515406
-0.515153
-0.514885
-0.514652
-0.514414
-0.514172
-0.513947
-0.513734
-0.513472
-0.513253
-0.513035
-0.512782
-0.512534
-0.512311
-0.512077
-0.511854
-0.511616
-0.511363
-0.51113
-0.510892
-0.510664
-0.510435
-0.510202
-0.509959
-0.509727
-0.509508
-0.509279
-0.509051
-0.508813
-0.50858
-0.508347
-0.508128
-0.507875
-0.507686
-0.507472
-0.507239
-0.507045
-0.506836
-0.506627
-0.506428
-0.506199
-0.505985
-0.505753
-0.505514
-0.505281
-0.505087
-0.504869
-0.504644
-0.504431
-0.504208
-0.504013
-0.503809
-0.503614
-0.50344
-0.503206
-0.503002
-0.502828
-0.502653
-0.502478
-0.502303
-0.502123
-0.501948
-0.501768
-0.501613
-0.501429
-0.501253
-0.501108
-0.500937
-0.500743
-0.500583
-0.500447
-0.500301
-0.500141
-0.50003
-0.499864
-0.499747
-0.499601
-0.49948
-0.499344
-0.499213
-0.499072
-0.498965
-0.498838
-0.498717
-0.498634
-0.498538
-0.498446
-0.498314
-0.498232
-0.498135
-0.498042
-0.497959
-0.497906
-0.497794
-0.497697
-0.497615
-0.497556
-0.497513
-0.497444
-0.497386
-0.497372
-0.497309
-0.497289
-0.497255
-0.497202
-0.497172
-0.497158
-0.497109
-0.497089
-0.497094
-0.497066
-0.49707
-0.497075
-0.497051
-0.497066
-0.497085
-0.497105
-0.497138
-0.497153
-0.497172
-0.497211
-0.497226
-0.497265
-0.497289
-0.497357
-0.497416
-0.497464
-0.497537
-0.497571
-0.497629
-0.497648
-0.497692
-0.497765
-0.497838
-0.49794
-0.498013
-0.498086
-0.498163
-0.498265
-0.498323
-0.498416
-0.498513
-0.498586
-0.498698
-0.498815
-0.498917
-0.499023
-0.499149
-0.499251
-0.499373
-0.499466
-0.499611
-0.499713
-0.499854
-0.499986
-0.500132
-0.500267
-0.500418
-0.500564
-0.500719
-0.50087
-0.50104
-0.5012
-0.50138
-0.50155
-0.501744
-0.5019
-0.502079
-0.502245
-0.502439
-0.502624
-0.502804
-0.503007
-0.503201
-0.503386
-0.503605
-0.503785
-0.503983
-0.504178
-0.504402
-0.504621
-0.504825
-0.505062
-0.505266
-0.505486
-0.505704
-0.505952
-0.506185
-0.506418
-0.506641
-0.506894
-0.507108
-0.50737
-0.507599
-0.507851
-0.508099
-0.508337
-0.50859
-0.508842
-0.50908
-0.509342
-0.509595
-0.509867
-0.51013
-0.510411
-0.51065
-0.510941
-0.511184
-0.51147
-0.511718
-0.512014
-0.512286
-0.512578
-0.512855
-0.513142
-0.513413
-0.513695
-0.513982
-0.514288
-0.514574
-0.514891
-0.515153
-0.515453
-0.515755
-0.516047
-0.516323
-0.516648
-0.516965
-0.517256
-0.517567
-0.517887
-0.518218
-0.518499
-0.518806
-0.519107
-0.519427
-0.519768
-0.520093
-0.520413
-0.520724
-0.521054
-0.52136
-0.521647
-0.521954
-0.522235
-0.522555
-0.522886
-0.523226
-0.523571
-0.523891
-0.524217
-0.524548
-0.524863
-0.525208
-0.525553
-0.525859
-0.526189
-0.526529
-0.52685
-0.527175
-0.527525
-0.52786
-0.528205
-0.528525
-0.528851
-0.529196
-0.52954
-0.529856
-0.530176
-0.530498
-0.530832
-0.531143
-0.531478
-0.531799
-0.532144
-0.53245
-0.53277
-0.5331
-0.533436
-0.53378
-0.534106
-0.534441
-0.534766
-0.535097
-0.53546
-0.535782
-0.536102
-0.536442
-0.536748
-0.537093
-0.537428
-0.537744
-0.538094
-0.538389
-0.538686
-0.539021
-0.539342
-0.539642
-0.539934
-0.54025
-0.54058
-0.540905
-0.541241
-0.541585
-0.54191
-0.542216
-0.542522
-0.542804
-0.54311
-0.543441
-0.543761
-0.544077
-0.544393
-0.544674
-0.544946
-0.545227
-0.545563
-0.545874
-0.546165
-0.546427
-0.546728
-0.547019
-0.547281
-0.547573
-0.547835
-0.548146
-0.548418
-0.548715
-0.548986
-0.549293
-0.549564
-0.54985
-0.550098
-0.550365
-0.550628
-0.550929
-0.551196
-0.551468
-0.551721
-0.551997
-0.552283
-0.55256
-0.552808
-0.553075
-0.553308
-0.553522
-0.553774
-0.554017
-0.554265
-0.554498
-0.554721
-0.554964
-0.555182
-0.555421
-0.555624
-0.555838
-0.556051
-0.556231
-0.55645
-0.556634
-0.556848
-0.557052
-0.557265
-0.55745
-0.55763
-0.557829
-0.558028
-0.558247
-0.558407
-0.558586
-0.558746
-0.558907
-0.55894
-0.556705
-0.551717
-0.544387
-0.53503
-0.523921
-0.511292
-0.497272
-0.48212
-0.466066
-0.449232
-0.431772
-0.413859
-0.395597
-0.377048
-0.358347
-0.339581
-0.320812
-0.302132
-0.283595
-0.265215
-0.247063
-0.22912
-0.211439
-0.194056
-0.176934
-0.160133
-0.143673
-0.127533
-0.111717
-0.0962276
-0.0810633
-0.0662279
-0.0517273
-0.0375414
-0.023675
-0.0101471
0.00307655
0.0159855
0.0285654
0.0408707
0.0528622
0.0645447
0.0759573
0.0871248
0.0979891
0.108599
0.118928
0.128989
0.138762
0.148317
0.157644
0.166712
0.17555
0.184166
0.192549
0.200722
0.208673
0.21644
0.223988
0.231334
0.238485
0.245417
0.252192
0.258786
0.265195
0.271428
0.277495
0.283402
0.289147
0.294742
0.300184
0.305451
0.310596
0.315561
0.320415
0.325111
0.329677
0.334134
0.338441
0.342621
0.34666
0.350616
0.354435
0.358133
0.361729
0.365202
0.368598
0.371848
0.375039
0.378084
0.381061
0.383941
0.386727
0.389427
0.392035
0.394568
0.396985
0.399344
0.401606
0.403818
0.405924
0.407981
0.40995
0.411857
0.413675
0.415456
0.417148
0.418796
0.420352
0.421849
0.423284
0.424689
0.425992
0.427285
0.428486
0.429663
0.430772
0.431831
0.432842
0.43382
0.434753
0.435638
0.436464
0.437252
0.438001
0.438721
0.439357
0.43998
0.440578
0.441166
0.441681
0.442182
0.442629
0.443047
0.443421
0.443781
0.444117
0.444442
0.444695
0.444958
0.445151
0.445346
0.445487
0.445623
0.445735
0.445827
0.445915
0.445949
0.445992
0.446012
0.446008
0.445992
0.445983
0.44592
0.445847
0.44576
0.445682
0.44556
0.445458
0.445336
0.445206
0.445065
0.444914
0.444743
0.444569
0.444384
0.444194
0.443995
0.443786
0.443567
0.443343
0.443115
0.442911
0.442658
0.442439
0.442216
0.441987
0.441725
0.441486
0.441248
0.441
0.440752
0.440499
0.440242
0.439989
0.439755
0.439523
0.439313
0.439071
0.438832
0.438589
0.43837
0.438117
0.437894
0.437665
0.437466
0.437262
0.437053
0.436868
0.436688
0.436527
0.436362
0.436193
0.436051
0.435896
0.435769
0.435643
0.435531
0.435419
0.435327
0.435225
0.435157
0.435089
0.43502
0.434967
0.434943
0.434909
0.434909
0.434884
0.434895
0.434899
0.434914
0.434937
0.43502
0.43505
0.435122
0.435234
0.435278
0.43539
0.435507
0.435648
0.435794
0.43592
0.436061
0.436231
0.43644
0.436659
0.436893
0.437131
0.437364
0.437621
0.437875
0.438128
0.438399
0.438696
0.438993
0.439303
0.439634
0.43998
0.440349
0.440738
0.441113
0.441491
0.441875
0.442303
0.44274
0.443153
0.443606
0.444073
0.44453
0.444996
0.445521
0.445997
0.446537
0.447077
0.447592
0.448136
0.448695
0.449265
0.449789
0.450334
0.450825
0.451374
0.451938
0.452487
0.453046
0.453649
0.454247
0.45483
0.455433
0.456036
0.456648
0.457285
0.457931
0.458568
0.459209
0.459875
0.460517
0.461192
0.461843
0.462524
0.46319
0.463875
0.46457
0.46529
0.465989
0.466694
0.467428
0.468157
0.468882
0.469629
0.470359
0.471092
0.47186
0.472613
0.473352
0.474111
0.474878
0.475646
0.476418
0.477158
0.477944
0.478737
0.479524
0.480311
0.481123
0.481895
0.482673
0.48346
0.484238
0.485024
0.485836
0.486629
0.487415
0.488247
0.489092
0.489923
0.490705
0.491531
0.492333
0.493159
0.49396
0.494767
0.495598
0.496375
0.497221
0.498047
0.498868
0.499684
0.500496
0.501302
0.502148
0.502939
0.503779
0.504547
0.505378
0.506209
0.50704
0.507851
0.508662
0.509474
0.51028
0.511106
0.511971
0.512757
0.513578
0.51436
0.515109
0.515886
0.516654
0.517426
0.518213
0.518947
0.519709
0.520448
0.521191
0.521954
0.522726
0.523498
0.524261
0.52498
0.525718
0.526422
0.527145
0.527845
0.528549
0.529268
0.529943
0.530614
0.531303
0.531974
0.532624
0.533295
0.533946
0.534577
0.535228
0.53584
0.536432
0.537024
0.537602
0.5382
0.538589
0.537008
0.533179
0.527308
0.51973
0.510561
0.50003
0.488409
0.475701
0.462132
0.447859
0.432929
0.417463
0.401558
0.385352
0.368908
0.352295
0.335612
0.318897
0.302195
0.285524
0.268975
0.252541
0.23627
0.220194
0.204306
0.188644
0.173187
0.157967
0.143003
0.128271
0.11377
0.099556
0.085598
0.0719013
0.0584641
0.0452986
0.0323877
0.0197382
0.00737286
-0.00478458
-0.0166883
-0.0283556
-0.0397625
-0.0509539
-0.0619049
-0.0726004
-0.0830908
-0.0933208
-0.10337
-0.113169
-0.122757
-0.132154
-0.141335
-0.150327
-0.159101
-0.167696
-0.176095
-0.184313
-0.192354
-0.20023
-0.207924
-0.215456
-0.222828
-0.230004
-0.237019
-0.243912
-0.250628
-0.257208
-0.263641
-0.269914
-0.276064
-0.282073
-0.28797
-0.293719
-0.299337
-0.304819
-0.310183
-0.31544
-0.320556
-0.325588
-0.33046
-0.335282
-0.339969
-0.344539
-0.349015
-0.353399
-0.357676
-0.36186
-0.365942
-0.369922
-0.373828
-0.377626
-0.381338
-0.384957
-0.388547
-0.392025
-0.39541
-0.398703
-0.40196
-0.405107
-0.408195
-0.41121
-0.414157
-0.417016
-0.419831
-0.422569
-0.425239
-0.427844
-0.430348
-0.432833
-0.435264
-0.437641
-0.439955
-0.442221
-0.444457
-0.4466
-0.44872
-0.450751
-0.452735
-0.454679
-0.456574
-0.458422
-0.46022
-0.461989
-0.463691
-0.465358
-0.467
-0.468575
-0.470116
-0.471627
-0.473095
-0.474538
-0.475943
-0.477304
-0.478625
-0.479942
-0.481186
-0.482401
-0.483567
-0.484718
-0.485817
-0.486925
-0.487994
-0.489038
-0.490049
-0.491007
-0.491983
-0.492877
-0.493795
-0.494656
-0.495516
-0.496346
-0.497138
-0.497915
-0.498634
-0.499359
-0.500039
-0.500685
-0.50135
-0.501977
-0.502584
-0.503168
-0.503716
-0.50428
-0.504825
-0.50534
-0.505859
-0.506335
-0.506787
-0.507239
-0.507657
-0.508065
-0.508472
-0.508832
-0.509212
-0.509566
-0.509901
-0.510198
-0.510532
-0.510839
-0.511111
-0.511388
-0.511655
-0.511898
-0.512131
-0.512344
-0.512564
-0.512757
-0.512977
-0.51317
-0.513341
-0.513481
-0.513622
-0.513768
-0.513894
-0.514016
-0.514113
-0.51421
-0.514293
-0.514376
-0.514473
-0.514526
-0.514599
-0.514643
-0.514691
-0.514715
-0.514754
-0.514759
-0.514773
-0.514798
-0.514793
-0.514798
-0.514773
-0.514764
-0.514754
-0.51472
-0.514696
-0.514671
-0.514623
-0.514545
-0.514511
-0.514458
-0.514365
-0.514312
-0.514235
-0.514162
-0.514093
-0.514001
-0.513905
-0.513817
-0.513705
-0.513613
-0.513506
-0.513418
-0.513302
-0.5132
-0.513088
-0.512981
-0.51287
-0.512729
-0.512607
-0.512486
-0.512369
-0.512218
-0.512077
-0.511917
-0.511796
-0.511625
-0.511495
-0.511344
-0.511198
-0.511077
-0.510901
-0.510761
-0.51062
-0.510446
-0.510285
-0.510149
-0.509974
-0.509813
-0.509673
-0.509508
-0.509333
-0.509163
-0.509007
-0.508813
-0.508643
-0.508468
-0.508303
-0.508142
-0.507997
-0.507836
-0.507642
-0.507482
-0.507288
-0.507098
-0.506923
-0.506724
-0.506544
-0.50634
-0.506141
-0.50598
-0.505825
-0.505646
-0.505475
-0.50531
-0.50514
-0.504951
-0.504771
-0.504621
-0.50444
-0.504256
-0.504071
-0.503921
-0.503765
-0.50363
-0.503469
-0.503313
-0.503168
-0.503013
-0.502847
-0.502672
-0.502517
-0.502352
-0.502206
-0.502069
-0.501934
-0.501768
-0.501617
-0.501482
-0.50136
-0.501229
-0.501118
-0.500991
-0.500851
-0.50069
-0.500554
-0.500418
-0.500301
-0.500146
-0.50001
-0.499874
-0.499772
-0.499675
-0.499557
-0.499417
-0.499339
-0.499218
-0.499086
-0.49897
-0.498854
-0.498766
-0.498659
-0.498591
-0.498446
-0.498363
-0.498281
-0.498188
-0.498096
-0.498003
-0.497931
-0.497852
-0.497785
-0.497711
-0.497653
-0.4976
-0.497532
-0.497469
-0.497391
-0.497328
-0.497255
-0.497191
-0.497143
-0.497066
-0.497036
-0.497017
-0.497017
-0.496968
-0.496943
-0.49689
-0.496832
-0.496837
-0.496808
-0.496813
-0.496778
-0.496794
-0.49675
-0.496755
-0.496755
-0.496769
-0.496783
-0.49674
-0.496755
-0.496794
-0.496832
-0.496822
-0.496866
-0.496915
-0.496973
-0.497012
-0.497056
-0.497085
-0.497128
-0.497153
-0.497196
-0.49725
-0.497289
-0.497337
-0.497416
-0.497469
-0.497532
-0.49762
-0.497741
-0.497813
-0.497872
-0.49794
-0.498013
-0.498105
-0.498173
-0.498265
-0.498372
-0.49846
-0.498562
-0.498669
-0.498775
-0.498878
-0.499028
-0.49913
-0.499262
-0.499388
-0.499543
-0.49967
-0.499825
-0.499966
-0.500107
-0.500248
-0.500389
-0.50052
-0.500631
-0.500768
-0.500928
-0.501069
-0.501225
-0.50135
-0.501487
-0.501652
-0.501817
-0.501992
-0.502148
-0.502308
-0.502492
-0.502663
-0.502837
-0.503022
-0.503226
-0.50341
-0.503586
-0.50376
-0.503989
-0.504173
-0.504387
-0.504606
-0.504825
-0.505024
-0.505238
-0.505422
-0.505588
-0.505781
-0.505985
-0.50618
-0.506403
-0.506607
-0.506831
-0.507015
-0.507244
-0.507472
-0.507676
-0.507899
-0.508133
-0.508356
-0.50858
-0.508799
-0.509017
-0.509274
-0.509502
-0.509727
-0.509974
-0.510232
-0.510465
-0.510688
-0.510931
-0.511203
-0.511456
-0.511718
-0.511991
-0.512248
-0.51252
-0.512801
-0.513068
-0.513346
-0.513613
-0.513865
-0.514142
-0.51438
-0.514638
-0.514924
-0.515191
-0.515464
-0.515711
-0.516007
-0.51626
-0.516527
-0.516819
-0.517091
-0.517387
-0.517635
-0.517902
-0.518155
-0.518427
-0.518684
-0.518975
-0.519267
-0.519568
-0.51987
-0.520122
-0.520418
-0.520715
-0.520987
-0.521239
-0.521516
-0.521817
-0.522094
-0.5224
-0.522672
-0.522949
-0.523265
-0.523551
-0.523867
-0.524183
-0.524484
-0.524776
-0.525096
-0.525388
-0.525688
-0.52598
-0.526261
-0.526539
-0.526859
-0.527161
-0.527495
-0.527777
-0.528059
-0.528384
-0.5287
-0.528972
-0.529273
-0.529593
-0.52989
-0.530187
-0.530482
-0.530765
-0.531055
-0.531343
-0.531629
-0.531925
-0.532216
-0.532517
-0.532804
-0.53312
-0.533426
-0.533712
-0.534019
-0.53431
-0.534616
-0.534917
-0.535193
-0.535504
-0.535791
-0.536093
-0.536403
-0.536671
-0.536962
-0.537268
-0.537544
-0.537841
-0.538152
-0.538428
-0.538734
-0.539036
-0.539308
-0.539618
-0.53992
-0.540211
-0.540492
-0.540789
-0.541085
-0.541376
-0.541663
-0.541945
-0.542202
-0.542483
-0.542755
-0.543047
-0.543344
-0.543634
-0.543931
-0.544227
-0.544518
-0.54481
-0.545115
-0.545417
-0.545698
-0.545951
-0.546213
-0.546475
-0.546752
-0.547025
-0.547276
-0.547515
-0.547763
-0.54803
-0.548316
-0.548554
-0.548797
-0.549059
-0.549293
-0.549535
-0.549792
-0.550025
-0.550249
-0.550507
-0.550749
-0.550982
-0.551225
-0.551487
-0.551721
-0.551944
-0.552172
-0.552424
-0.552643
-0.552891
-0.5531
-0.553337
-0.553536
-0.553764
-0.553964
-0.554192
-0.554396
-0.554614
-0.554818
-0.555032
-0.555231
-0.555459
-0.555658
-0.555853
-0.556027
-0.556207
-0.556406
-0.556576
-0.556761
-0.556945
-0.55713
-0.557319
-0.557479
-0.557639
-0.557815
-0.557989
-0.558173
-0.558324
-0.558484
-0.558644
-0.558781
-0.558892
-0.558624
-0.557191
-0.554689
-0.55121
-0.546939
-0.541903
-0.536198
-0.529942
-0.523198
-0.516058
-0.508581
-0.500831
-0.492896
-0.48465
-0.476411
-0.46811
-0.459566
-0.451021
-0.442477
-0.433993
-0.425755
-0.417516
-0.409276
-0.401098
-0.393164
-0.38523
-0.377418
-0.369781
-0.362153
-0.354798
-0.347475
-0.340334
-0.333316
-0.326359
-0.319645
-0.312932
-0.306493
-0.300085
-0.293829
-0.287726
-0.281624
-0.275818
-0.27002
-0.264375
-0.258883
-0.25339
-0.248141
-0.242954
-0.237766
-0.232884
-0.228002
-0.22312
-0.218543
-0.213965
-0.209389
-0.205049
-0.200776
-0.196505
-0.192354
-0.188388
-0.184421
-0.180454
-0.176731
-0.17307
-0.169409
-0.165747
-0.16233
-0.158973
-0.155609
-0.152253
-0.149049
-0.145998
-0.142946
-0.139895
-0.136845
-0.134037
-0.131291
-0.128545
-0.125799
-0.123053
-0.12046
-0.118018
-0.11557
-0.11313
-0.110688
-0.108248
-0.10599
-0.103854
-0.101719
-0.0995827
-0.0974474
-0.0953112
-0.0931759
-0.0913143
-0.0894842
-0.0876541
-0.0858154
-0.0839853
-0.0821552
-0.0803242
-0.0784941
-0.0769682
-0.0754433
-0.0739174
-0.0723925
-0.0708675
-0.0693417
-0.0678167
-0.0662909
-0.0647583
-0.0634165
-0.0621958
-0.060976
-0.0597553
-0.0585356
-0.0573149
-0.0560951
-0.0548754
-0.0536547
-0.0524349
-0.0512142
-0.0499945
-0.0490179
-0.0480957
-0.0471811
-0.0462656
-0.045351
-0.0444355
-0.0435209
-0.0426064
-0.0416908
-0.0407763
-0.0398607
-0.0389462
-0.0380306
-0.0371161
-0.0362015
-0.0353088
-0.0346994
-0.0340891
-0.0334797
-0.0328703
-0.0322599
-0.0316505
-0.0310402
-0.0304308
-0.0298204
-0.029211
-0.0286016
-0.0279913
-0.0273819
-0.0267639
-0.0261545
-0.0255451
-0.0249348
-0.0243254
-0.023715
-0.0231056
-0.0224953
-0.0218859
-0.0212765
-0.0207272
-0.0204229
-0.0201178
-0.0198059
-0.0195017
-0.0191965
-0.0188923
-0.0185871
-0.0182829
-0.0179777
-0.0176735
-0.0173693
-0.0170641
-0.0167599
-0.0164547
-0.0161505
-0.0158453
-0.0155334
-0.0152292
-0.014924
-0.0146198
-0.0143156
-0.0140104
-0.0137062
-0.013401
-0.0130968
-0.0127916
-0.0124874
-0.0121822
-0.011878
-0.0115738
-0.011261
-0.0109568
-0.0106525
-0.0103474
-0.0100431
-0.00973797
-0.00943375
-0.00912857
-0.00882435
-0.00852013
-0.00821495
-0.00791073
-0.00760555
-0.0072937
-0.00698948
-0.0066843
-0.00638008
-0.00610542
-0.00610638
-0.00610638
-0.00610733
-0.00610828
-0.00610828
-0.00610924
-0.00610924
-0.00611019
-0.00611019
-0.00610352
-0.00610447
-0.00610447
-0.00610542
-0.00610542
-0.00610638
-0.00610733
-0.00610733
-0.00610828
-0.00610828
-0.00610924
-0.00610924
-0.00611019
-0.00611115
-0.00610352
-0.00610447
-0.00610447
-0.00610542
-0.00610638
-0.00610638
-0.00610733
-0.00610733
-0.00610828
-0.00610828
-0.00610924
-0.00611019
-0.00611019
-0.00611115
-0.00610352
-0.00610447
-0.00610542
-0.00610542
-0.00610638
-0.00610638
-0.00610733
-0.00610733
-0.00610828
-0.00610924
-0.00610924
-0.00611019
-0.00611019
-0.00610352
-0.00610447
-0.00610447
-0.00610542
-0.00610542
-0.00610638
-0.00610638
-0.00610733
-0.00610828
-0.00610828
-0.00610924
-0.00610924
-0.00611019
-0.00611019
-0.00610352
-0.00610447
-0.00610447
-0.00610542
-0.00610638
-0.00610638
-0.00610733
-0.00610733
-0.00610828
-0.00610828
-0.00610924
-0.00610924
-0.00611019
-0.00611115
-0.00610352
-0.00610447
-0.00610542
-0.00610542
-0.00610638
-0.00610638
-0.00610733
-0.00610733
-0.00610828
-0.00610828
-0.00610924
-0.00611019
-0.00611019
-0.00611115
-0.00610447
-0.00610447
-0.00610542
-0.00610542
-0.00610638
-0.00610638
-0.00610733
-0.00610828
-0.00610828
-0.00610924
-0.00610924
-0.00611019
-0.00611019
-0.00610352
-0.00610447
-0.00610447
-0.00610542
-0.00610542
-0.00610638
-0.00610733
-0.00610733
-0.00610828
-0.00610828
-0.00610924
-0.00610924
-0.00611019
-0.00611115
-0.00610352
-0.00610447
-0.00610447
-0.00610542
-0.00610638
-0.00610638
-0.00610733
-0.00610733
-0.00610828
-0.00610828
-0.00610924
-0.00611019
-0.00611019
-0.00611115
-0.00610352
-0.00610447
-0.00610542
-0.00610542
-0.00610638
-0.00610638
-0.00610733
-0.00610733
-0.00610828
-0.00610924
-0.00610924
-0.00611019
-0.00611019
-0.00610352
-0.00610447
-0.00610447
-0.00610542
-0.00610542
-0.00610638
-0.00610638
-0.00610733
-0.00610828
-0.00610828
-0.00610924
-0.00610924
-0.00611019
-0.00611019
-0.00610352
-0.00610447
-0.00610447
-0.00610542
-0.00610542
-0.00610638
-0.00610733
-0.00610733
-0.00610828
-0.00610828
-0.00610924
-0.00610924
-0.00611019
-0.00611115
-0.00610352
-0.00610447
-0.00610542
-0.00610542
-0.00610638
-0.00610638
-0.00610733
-0.00610733
-0.00610828
-0.00610828
-0.00610924
-0.00611019
-0.00611019
-0.00611115
-0.00610447
-0.00610447
-0.00610542
-0.00610542
-0.00610638
-0.00610638
-0.00610733
-0.00610828
-0.00610828
-0.00610924
-0.00610924
-0.00611019
-0.00611019
-0.00610352
-0.00610447
-0.00610447
-0.00610542
-0.00610542
-0.00610638
-0.00610733
-0.00610733
-0.00610828
-0.00610828
-0.00610924
-0.00610924
-0.00611019
-0.00611115
-0.00610352
-0.00610447
-0.00610447
-0.00610542
-0.00610638
-0.00610638
-0.00610733
-0.00610733
-0.00610828
-0.00610828
-0.00610924
-0.00611019
-0.00611019
-0.00611115
-0.00610352
-0.00610447
-0.00610542
-0.00610542
-0.00610638
-0.00610638
-0.00610733
-0.00610733
-0.00610828
-0.00610924
-0.00610924
-0.00611019
-0.00611019
-0.00610352
-0.00610447
-0.00610447
-0.00610542
-0.00610542
-0.00610638
-0.00610638
-0.00610733
-0.00610828
-0.00610828
-0.00610924
-0.00610924
-0.00611019
-0.00611019
-0.00610352
-0.00610447
-0.00610447
-0.00610542
-0.00610542
-0.00610638
-0.00610733
-0.00610733
-0.00610828
-0.00610828
-0.00610924
-0.00610924
-0.00611019
-0.00611115
-0.00610352
-0.00610447
-0.00610542
-0.00610542
-0.00610638
-0.00610638
-0.00610733
-0.00610733
-0.00610828
-0.00610828
-0.00610924
-0.00611019
-0.00611019
-0.00611115
-0.00610447
-0.00610447
-0.00610542
-0.00610542
-0.00610638
-0.00610638
-0.00610733
-0.00610828
-0.00610828
-0.00610924
-0.00610924
-0.00611019
-0.00611019
-0.00610352
-0.00610447
-0.00610447
-0.00610542
-0.00610542
-0.00610638
-0.00610733
-0.00610733
-0.00610828
-0.00610828
-0.00610924
-0.00610924
-0.00611019
-0.00611019
-0.00610352
-0.00610447
-0.00610447
-0.00610542
-0.00610638
-0.00610638
-0.00610733
-0.00610733
-0.00610828
-0.00610828
-0.00610924
-0.00611019
-0.00611019
-0.00611115
-0.00610352
-0.00610447
-0.00610542
-0.00610542
-0.00610638
-0.00610638
-0.00610733
-0.00610733
-0.00610828
-0.00610924
-0.00610924
-0.00611019
-0.00611019
-0.00610352
-0.00610447
-0.00610447
-0.00610542
-0.00610542
-0.00610638
-0.00610638
-0.00610733
-0.00610828
-0.00610828
-0.00610924
-0.00610924
-0.00611019
-0.00611019
-0.00619125
-0.00717735
-0.00925255
-0.0123377
-0.0162344
-0.0209064
-0.026227
-0.032177
-0.0386209
-0.0455074
-0.0527401
-0.0603189
-0.0681505
-0.0762062
-0.0844326
-0.0927496
-0.10114
-0.109573
-0.118041
-0.126516
-0.134973
-0.143373
-0.151691
-0.15993
-0.168072
-0.176139
-0.184054
-0.191881
-0.199572
-0.207134
-0.214584
-0.221883
-0.229064
-0.236089
-0.243001
-0.249785
-0.256449
-0.262931
-0.269286
-0.275524
-0.281634
-0.287623
-0.293486
-0.299215
-0.304862
-0.310339
-0.315718
-0.320974
-0.326123
-0.331141
-0.336066
-0.340855
-0.345565
-0.350178
-0.354654
-0.359053
-0.363344
-0.367533
-0.371634
-0.375657
-0.379582
-0.383445
-0.387195
-0.390867
-0.394446
-0.397983
-0.401387
-0.404737
-0.40801
-0.411186
-0.414303
-0.417361
-0.420352
-0.423279
-0.426143
-0.428905
-0.431637
-0.434301
-0.436888
-0.439405
-0.441875
-0.444277
-0.446634
-0.448934
-0.451175
-0.453382
-0.45552
-0.457596
-0.459618
-0.46163
-0.463569
-0.46546
-0.467321
-0.469114
-0.470864
-0.472565
-0.474247
-0.47588
-0.477473
-0.479043
-0.48055
-0.482032
-0.48346
-0.484855
-0.48622
-0.487542
-0.488844
-0.490088
-0.491323
-0.492517
-0.493665
-0.494786
-0.495875
-0.496939
-0.497979
-0.499004
-0.499981
-0.500953
-0.501875
-0.502765
-0.503614
-0.50447
-0.505296
-0.506083
-0.506865
-0.507613
-0.508337
-0.509031
-0.509727
-0.510397
-0.511052
-0.511664
-0.512272
-0.512864
-0.513399
-0.513938
-0.514478
-0.514982
-0.515488
-0.515949
-0.51642
-0.516858
-0.517304
-0.517683
-0.518082
-0.518476
-0.51881
-0.519156
-0.51952
-0.519801
-0.520117
-0.520399
-0.52072
-0.520991
-0.52122
-0.521477
-0.521696
-0.521938
-0.522152
-0.522362
-0.522555
-0.52275
-0.52292
-0.523085
-0.523211
-0.523333
-0.523449
-0.523551
-0.523678
-0.523785
-0.523862
-0.523931
-0.524008
-0.524056
-0.524115
-0.524183
-0.524193
-0.524221
-0.524226
-0.524226
-0.524231
-0.524231
-0.524207
-0.524207
-0.524193
-0.524154
-0.524139
-0.524096
-0.524047
-0.523979
-0.52394
-0.523882
-0.523813
-0.523736
-0.523658
-0.523571
-0.523483
-0.523381
-0.523274
-0.523172
-0.523046
-0.522949
-0.522842
-0.522716
-0.522614
-0.522492
-0.522367
-0.522249
-0.522099
-0.521958
-0.521832
-0.521696
-0.521521
-0.521365
-0.52122
-0.521045
-0.520894
-0.520724
-0.520559
-0.520384
-0.520224
-0.520044
-0.51987
-0.519704
-0.51952
-0.519316
-0.519131
-0.518947
-0.518752
-0.518578
-0.518407
-0.518198
-0.517994
-0.517785
-0.517576
-0.517372
-0.517159
-0.516935
-0.516712
-0.516527
-0.516343
-0.516119
-0.515925
-0.515726
-0.515497
-0.515313
-0.515109
-0.5149
-0.514662
-0.514458
-0.514244
-0.51405
-0.513831
-0.513598
-0.513394
-0.513186
-0.513
-0.512777
-0.512573
-0.512349
-0.512126
-0.511883
-0.511655
-0.511436
-0.511198
-0.510945
-0.510713
-0.510484
-0.510251
-0.510037
-0.509794
-0.509585
-0.509337
-0.509105
-0.508871
-0.508648
-0.508425
-0.508191
-0.507943
-0.507715
-0.507482
-0.507288
-0.507064
-0.50685
-0.506618
-0.506403
-0.506175
-0.505947
-0.505728
-0.505524
-0.505315
-0.505101
-0.504922
-0.504703
-0.504498
-0.504305
-0.50411
-0.503897
-0.503702
-0.503508
-0.503313
-0.503109
-0.502915
-0.50273
-0.502551
-0.50238
-0.502206
-0.502046
-0.501875
-0.501696
-0.501535
-0.50138
-0.501204
-0.501044
-0.500875
-0.50071
-0.500554
-0.500408
-0.500272
-0.500136
-0.499995
-0.499849
-0.499713
-0.499582
-0.499446
-0.499315
-0.499184
-0.499063
-0.498945
-0.498843
-0.498736
-0.498634
-0.498528
-0.498425
-0.498334
-0.498241
-0.498139
-0.498066
-0.497964
-0.497891
-0.497808
-0.497736
-0.497678
-0.497634
-0.497571
-0.497527
-0.497469
-0.497435
-0.497386
-0.497352
-0.497313
-0.497274
-0.497245
-0.497211
-0.497202
-0.497196
-0.497172
-0.497168
-0.497163
-0.497158
-0.497158
-0.497177
-0.497187
-0.497172
-0.497177
-0.497191
-0.497216
-0.49725
-0.497293
-0.497342
-0.497386
-0.49743
-0.497478
-0.497522
-0.497576
-0.497648
-0.497706
-0.497775
-0.497843
-0.49791
-0.497979
-0.498047
-0.498119
-0.498226
-0.498314
-0.498397
-0.498484
-0.498576
-0.498673
-0.498761
-0.498868
-0.498975
-0.499086
-0.499208
-0.49932
-0.499446
-0.499568
-0.499713
-0.49983
-0.499976
-0.500107
-0.500253
-0.500383
-0.500539
-0.50068
-0.50084
-0.501
-0.501156
-0.501322
-0.501492
-0.501657
-0.501827
-0.502002
-0.502176
-0.502352
-0.502526
-0.502721
-0.502915
-0.503095
-0.503289
-0.503489
-0.503683
-0.503881
-0.504096
-0.5043
-0.504504
-0.504713
-0.504922
-0.505145
-0.505354
-0.505572
-0.505796
-0.506034
-0.506258
-0.506486
-0.506714
-0.506957
-0.507195
-0.507428
-0.507667
-0.50791
-0.508157
-0.50841
-0.508657
-0.50891
-0.509172
-0.50943
-0.509683
-0.50995
-0.510202
-0.510474
-0.510746
-0.511014
-0.511286
-0.511558
-0.51184
-0.512116
-0.512398
-0.512675
-0.512966
-0.513244
-0.513535
-0.513817
-0.514098
-0.514395
-0.514671
-0.514968
-0.515269
-0.515566
-0.515857
-0.516153
-0.516459
-0.516761
-0.517047
-0.517344
-0.517659
-0.517965
-0.518267
-0.518573
-0.518888
-0.519189
-0.519495
-0.519801
-0.520112
-0.520413
-0.520743
-0.521059
-0.521395
-0.521715
-0.522045
-0.522367
-0.522701
-0.523031
-0.523357
-0.523692
-0.524013
-0.524338
-0.524659
-0.52497
-0.5253
-0.52563
-0.525975
-0.526296
-0.526621
-0.526947
-0.527282
-0.527602
-0.527923
-0.528249
-0.528579
-0.528909
-0.52924
-0.529579
-0.529895
-0.53024
-0.53056
-0.53091
-0.531226
-0.53157
-0.531886
-0.532222
-0.532547
-0.532867
-0.533193
-0.533538
-0.533863
-0.534188
-0.534524
-0.534844
-0.53517
-0.53548
-0.53582
-0.536136
-0.536451
-0.536787
-0.537122
-0.537452
-0.537763
-0.538089
-0.538419
-0.538749
-0.539055
-0.53938
-0.539686
-0.539997
-0.540327
-0.540648
-0.540963
-0.541294
-0.541615
-0.541949
-0.54226
-0.542585
-0.542887
-0.543173
-0.543469
-0.543756
-0.544047
-0.544368
-0.544688
-0.54498
-0.545271
-0.545577
-0.545893
-0.54618
-0.546452
-0.546742
-0.547039
-0.54732
-0.547612
-0.547898
-0.548175
-0.548491
-0.548763
-0.549049
-0.549302
-0.549608
-0.549855
-0.550138
-0.550385
-0.550662
-0.550919
-0.551171
-0.551419
-0.551672
-0.551953
-0.552191
-0.552448
-0.552696
-0.552935
-0.553197
-0.55343
-0.553662
-0.553891
-0.554119
-0.554352
-0.554581
-0.554818
-0.555052
-0.55528
-0.555498
-0.555717
-0.555925
-0.556125
-0.556334
-0.556527
-0.556746
-0.556926
-0.55712
-0.557329
-0.557538
-0.557713
-0.557926
-0.55813
-0.558324
-0.558479
-0.558644
-0.55882
-0.558851
-0.556549
-0.551536
-0.544171
-0.534809
-0.523543
-0.510787
-0.496766
-0.481628
-0.465537
-0.448697
-0.431262
-0.413315
-0.395028
-0.37649
-0.357813
-0.339051
-0.320308
-0.301627
-0.283096
-0.264706
-0.246544
-0.228611
-0.210955
-0.193581
-0.176503
-0.159713
-0.143248
-0.127097
-0.111282
-0.095788
-0.0806379
-0.0657978
-0.051302
-0.0371361
-0.023284
-0.00975609
0.00345707
0.0163708
0.0289459
0.0412264
0.0532236
0.0649204
0.0763283
0.087472
0.098321
0.10892
0.11923
0.129282
0.139083
0.14862
0.157912
0.16698
0.175797
0.184401
0.192768
0.200935
0.208883
0.21662
0.224143
0.231481
0.238617
0.245567
0.252328
0.258904
0.265303
0.271536
0.277594
0.283495
0.28924
0.294809
0.300242
0.305514
0.31064
0.31562
0.320454
0.32515
0.32972
0.334139
0.33845
0.342621
0.34668
0.350611
0.354425
0.358133
0.361714
0.365197
0.368579
0.371842
0.375025
0.378103
0.381081
0.38395
0.386738
0.389427
0.392039
0.394564
0.396996
0.399335
0.40162
0.403804
0.405924
0.407967
0.409941
0.411838
0.413666
0.415426
0.417133
0.418757
0.420313
0.421825
0.423279
0.424664
0.425992
0.427266
0.428476
0.429658
0.430757
0.431817
0.432852
0.43381
0.434733
0.435604
0.436455
0.437252
0.437982
0.438696
0.439366
0.439999
0.440592
0.441146
0.441662
0.442138
0.442595
0.442993
0.443407
0.443781
0.444107
0.444413
0.444699
0.444958
0.445176
0.445375
0.445556
0.445725
0.445867
0.445969
0.446041
0.44611
0.446154
0.446173
0.446173
0.446163
0.446134
0.446099
0.446036
0.445954
0.445857
0.445765
0.445662
0.445556
0.445434
0.445297
0.445127
0.444986
0.444807
0.444617
0.444418
0.444214
0.44401
0.443771
0.443547
0.443329
0.443105
0.442886
0.442648
0.442405
0.442163
0.441919
0.441676
0.441419
0.441166
0.440918
0.440655
0.440402
0.440149
0.439901
0.439669
0.43943
0.439187
0.438958
0.438721
0.438482
0.438253
0.43803
0.437806
0.437593
0.437384
0.437184
0.436995
0.436819
0.436645
0.436469
0.436304
0.436153
0.435998
0.435871
0.435736
0.435614
0.435493
0.435385
0.435303
0.435225
0.435157
0.435103
0.43506
0.435016
0.434981
0.434962
0.434943
0.434948
0.434953
0.434972
0.435011
0.43505
0.435108
0.435185
0.435273
0.435366
0.435463
0.43557
0.435697
0.435838
0.435993
0.436153
0.436334
0.436522
0.436722
0.436936
0.437155
0.437379
0.437627
0.437884
0.438156
0.438438
0.438725
0.439022
0.439338
0.439663
0.440003
0.440358
0.440733
0.441117
0.441486
0.44189
0.442308
0.442731
0.443159
0.443596
0.444058
0.44453
0.445001
0.445492
0.446002
0.446508
0.447033
0.447558
0.448112
0.448657
0.449216
0.449799
0.450377
0.450975
0.451578
0.4522
0.452818
0.453435
0.454062
0.454703
0.455359
0.456031
0.45672
0.457416
0.458097
0.458801
0.45952
0.460235
0.460949
0.461688
0.462412
0.463171
0.463934
0.464692
0.46546
0.466247
0.467034
0.467832
0.468624
0.469425
0.470247
0.471064
0.471885
0.472706
0.473537
0.474392
0.475228
0.476079
0.476929
0.477779
0.47864
0.479509
0.480389
0.481264
0.482139
0.483013
0.483888
0.484782
0.485662
0.48655
0.48745
0.488344
0.489252
0.490161
0.491065
0.491974
0.492872
0.493776
0.494675
0.495588
0.496502
0.497405
0.498309
0.499228
0.500116
0.50103
0.501934
0.502851
0.503756
0.50466
0.505539
0.506423
0.507326
0.508221
0.509124
0.510008
0.510897
0.511766
0.51265
0.513535
0.514409
0.515288
0.516149
0.516998
0.517838
0.518684
0.519529
0.52037
0.5212
0.522036
0.522852
0.523673
0.524493
0.525295
0.526101
0.526874
0.527665
0.528438
0.529176
0.529943
0.530691
0.531435
0.532168
0.532887
0.533606
0.53432
0.535024
0.535708
0.536369
0.537015
0.537666
0.538298
0.538481
0.536007
0.530921
0.523509
0.514124
0.502974
0.490323
0.476428
0.461441
0.445563
0.428957
0.411741
0.394087
0.376079
0.357838
0.339448
0.321009
0.302557
0.284184
0.265944
0.247875
0.230005
0.212369
0.194985
0.177883
0.161057
0.144513
0.128285
0.112368
0.096756
0.081459
0.0664921
0.0518303
0.0374928
0.0234699
0.00976086
-0.0036478
-0.0167608
-0.0295706
-0.0420856
-0.054307
-0.0662374
-0.077919
-0.0893106
-0.100418
-0.11128
-0.121864
-0.132208
-0.142302
-0.15215
-0.161764
-0.171147
-0.180286
-0.189216
-0.197929
-0.206447
-0.21474
-0.222837
-0.23074
-0.238451
-0.245962
-0.253292
-0.260452
-0.267435
-0.274258
-0.280899
-0.28739
-0.293719
-0.299897
-0.305919
-0.311785
-0.317518
-0.323101
-0.328547
-0.333877
-0.339054
-0.344105
-0.349025
-0.353817
-0.358503
-0.363076
-0.367533
-0.371872
-0.3761
-0.380219
-0.384247
-0.388158
-0.391981
-0.395716
-0.399344
-0.40288
-0.406328
-0.409683
-0.412956
-0.416141
-0.419243
-0.422253
-0.425195
-0.428059
-0.430849
-0.433581
-0.436216
-0.438793
-0.441306
-0.443751
-0.446129
-0.448442
-0.450688
-0.452886
-0.455019
-0.45709
-0.459107
-0.461066
-0.462972
-0.464823
-0.466621
-0.468366
-0.470067
-0.471725
-0.473338
-0.474902
-0.476414
-0.477886
-0.47932
-0.48071
-0.482051
-0.483358
-0.484616
-0.485856
-0.487051
-0.488203
-0.48933
-0.490418
-0.491473
-0.492494
-0.49348
-0.494447
-0.495375
-0.496259
-0.497128
-0.497964
-0.498775
-0.499557
-0.500306
-0.50104
-0.501744
-0.502424
-0.50308
-0.503712
-0.50431
-0.504897
-0.50547
-0.506005
-0.506525
-0.50702
-0.507497
-0.507968
-0.50841
-0.508822
-0.509231
-0.50962
-0.509984
-0.510339
-0.510678
-0.510994
-0.511295
-0.511578
-0.511859
-0.512112
-0.512355
-0.512592
-0.512806
-0.513005
-0.513209
-0.513384
-0.513555
-0.513705
-0.51385
-0.513982
-0.514098
-0.514205
-0.514307
-0.514395
-0.514478
-0.514545
-0.514608
-0.514657
-0.514691
-0.514729
-0.514759
-0.514769
-0.514778
-0.514773
-0.514769
-0.51475
-0.51474
-0.514715
-0.514676
-0.514633
-0.514585
-0.514531
-0.514467
-0.5144
-0.514327
-0.514239
-0.514156
-0.514074
-0.513987
-0.513889
-0.513792
-0.513676
-0.513564
-0.513448
-0.513321
-0.5132
-0.513073
-0.512938
-0.512806
-0.512666
-0.512529
-0.512393
-0.512242
-0.512097
-0.511947
-0.511786
-0.511631
-0.511465
-0.511305
-0.51113
-0.510965
-0.510795
-0.510625
-0.51046
-0.510285
-0.51011
-0.509935
-0.509755
-0.509571
-0.509391
-0.509212
-0.509027
-0.508838
-0.508648
-0.508468
-0.508284
-0.508099
-0.507919
-0.50772
-0.507535
-0.507346
-0.507142
-0.506957
-0.506773
-0.506578
-0.506379
-0.506194
-0.506005
-0.505825
-0.505635
-0.505451
-0.505266
-0.505082
-0.504888
-0.504703
-0.504514
-0.504329
-0.504149
-0.50396
-0.503785
-0.503614
-0.503435
-0.503264
-0.503085
-0.502915
-0.50274
-0.50257
-0.502405
-0.502225
-0.502055
-0.50189
-0.501725
-0.50157
-0.501419
-0.501264
-0.501102
-0.500957
-0.500802
-0.500656
-0.500505
-0.50035
-0.500204
-0.500058
-0.499912
-0.499786
-0.49966
-0.499543
-0.499413
-0.49929
-0.499165
-0.499038
-0.498921
-0.498805
-0.498683
-0.498567
-0.498465
-0.498358
-0.49827
-0.498178
-0.498086
-0.498008
-0.497921
-0.497843
-0.49777
-0.497692
-0.497609
-0.497541
-0.497469
-0.497416
-0.497362
-0.497309
-0.49726
-0.497216
-0.497172
-0.497138
-0.497105
-0.497066
-0.497036
-0.497012
-0.496987
-0.496964
-0.496949
-0.496943
-0.496939
-0.496943
-0.496949
-0.496959
-0.496964
-0.496968
-0.496983
-0.496998
-0.497012
-0.497036
-0.497061
-0.4971
-0.497133
-0.497172
-0.497211
-0.497255
-0.497303
-0.497357
-0.497405
-0.497454
-0.497513
-0.497581
-0.497639
-0.497717
-0.497799
-0.497872
-0.497954
-0.498037
-0.498135
-0.498226
-0.498323
-0.498425
-0.498523
-0.49863
-0.498736
-0.498854
-0.49897
-0.499077
-0.499203
-0.499334
-0.499461
-0.499592
-0.499733
-0.499868
-0.5
-0.500146
-0.500292
-0.500438
-0.500593
-0.500733
-0.500904
-0.501064
-0.50122
-0.50139
-0.501554
-0.50173
-0.501904
-0.502074
-0.502259
-0.502439
-0.502633
-0.502818
-0.503013
-0.503201
-0.50341
-0.503614
-0.503823
-0.504018
-0.504236
-0.50445
-0.504654
-0.504869
-0.505092
-0.505305
-0.505534
-0.505753
-0.505976
-0.506209
-0.506433
-0.506656
-0.506904
-0.507133
-0.507375
-0.507627
-0.507871
-0.508123
-0.508376
-0.508628
-0.508891
-0.509143
-0.5094
-0.509658
-0.509921
-0.510183
-0.51045
-0.510717
-0.510984
-0.511261
-0.511529
-0.511806
-0.512077
-0.512355
-0.512631
-0.512918
-0.5132
-0.513476
-0.513763
-0.51405
-0.514346
-0.514633
-0.514929
-0.515225
-0.515517
-0.515818
-0.516119
-0.51642
-0.516717
-0.517023
-0.517329
-0.517635
-0.517936
-0.518247
-0.518558
-0.518868
-0.519179
-0.51949
-0.519801
-0.520117
-0.520437
-0.520748
-0.52107
-0.521385
-0.521696
-0.522017
-0.522332
-0.522657
-0.522978
-0.523299
-0.52362
-0.52395
-0.52427
-0.524595
-0.524926
-0.525256
-0.525581
-0.525912
-0.526242
-0.526563
-0.526888
-0.527224
-0.527563
-0.527894
-0.528224
-0.528554
-0.528885
-0.529224
-0.529555
-0.529885
-0.530215
-0.530546
-0.530862
-0.531197
-0.531527
-0.531857
-0.532192
-0.532522
-0.532858
-0.533188
-0.533528
-0.533868
-0.534198
-0.534529
-0.534849
-0.53517
-0.5355
-0.535825
-0.536151
-0.536481
-0.536806
-0.537131
-0.537457
-0.537783
-0.538117
-0.538438
-0.538754
-0.539074
-0.539395
-0.539716
-0.540036
-0.540357
-0.540672
-0.540983
-0.541294
-0.54161
-0.541925
-0.542236
-0.542547
-0.542848
-0.543159
-0.543465
-0.543766
-0.544072
-0.544368
-0.544679
-0.54498
-0.54528
-0.545582
-0.545883
-0.546174
-0.546466
-0.546747
-0.547034
-0.54732
-0.547603
-0.547894
-0.548181
-0.548457
-0.548743
-0.54903
-0.549307
-0.549583
-0.549855
-0.550117
-0.55038
-0.550652
-0.550919
-0.551176
-0.551443
-0.551705
-0.551968
-0.552225
-0.552487
-0.55274
-0.552982
-0.553221
-0.553449
-0.553692
-0.553925
-0.554158
-0.5544
-0.554624
-0.554857
-0.555085
-0.555324
-0.555547
-0.55576
-0.555974
-0.556178
-0.556382
-0.556586
-0.556794
-0.556989
-0.557193
-0.557392
-0.557586
-0.557785
-0.557975
-0.558168
-0.558344
-0.558504
-0.558664
-0.558815
-0.558841
-0.55765
-0.555109
-0.551396
-0.546663
-0.541042
-0.534652
-0.527601
-0.519997
-0.51193
-0.503489
-0.494751
-0.485789
-0.476665
-0.467434
-0.458144
-0.448837
-0.439548
-0.430305
-0.421134
-0.412052
-0.40308
-0.39423
-0.385509
-0.37693
-0.368499
-0.360219
-0.352091
-0.344123
-0.336312
-0.328661
-0.321168
-0.313834
-0.306656
-0.299634
-0.292766
-0.286047
-0.279478
-0.273056
-0.266778
-0.260642
-0.254644
-0.248782
-0.243054
-0.237455
-0.231984
-0.226639
-0.221413
-0.216311
-0.211327
-0.206456
-0.201692
-0.197039
-0.192492
-0.188052
-0.183712
-0.179473
-0.17533
-0.171284
-0.167327
-0.163465
-0.159689
-0.156
-0.152396
-0.148876
-0.145437
-0.142077
-0.138796
-0.135588
-0.132454
-0.129393
-0.126401
-0.123479
-0.120624
-0.117834
-0.115108
-0.112445
-0.109844
-0.107304
-0.104821
-0.102398
-0.100027
-0.0977144
-0.0954533
-0.0932446
-0.0910873
-0.0889788
-0.0869198
-0.0849094
-0.0829439
-0.0810242
-0.0791492
-0.0773172
-0.0755272
-0.0737801
-0.0720701
-0.0704041
-0.0687752
-0.0671825
-0.0656281
-0.0641088
-0.062624
-0.0611753
-0.0597591
-0.0583763
-0.0570259
-0.0557051
-0.0544157
-0.0531559
-0.0519247
-0.0507221
-0.0495481
-0.0484009
-0.0472813
-0.0461874
-0.0451164
-0.0440731
-0.0430536
-0.0420551
-0.0410824
-0.0401316
-0.0392017
-0.0382948
-0.0374088
-0.0365429
-0.035696
-0.0348701
-0.0340624
-0.0332737
-0.0325041
-0.0317516
-0.0310163
-0.0302992
-0.0295982
-0.0289125
-0.028244
-0.0275888
-0.0269518
-0.0263271
-0.0257177
-0.0251245
-0.0245419
-0.0239744
-0.0234194
-0.0228767
-0.0223475
-0.0218296
-0.0213251
-0.0208321
-0.0203495
-0.0198793
-0.0194187
-0.0189686
-0.0185299
-0.0181007
-0.0176811
-0.017272
-0.0168715
-0.0164814
-0.016099
-0.0157261
-0.0153637
-0.0150061
-0.014658
-0.0143204
-0.0139894
-0.0136642
-0.0133476
-0.0130396
-0.0127373
-0.0124416
-0.0121546
-0.0118732
-0.0115976
-0.0113297
-0.0110664
-0.0108118
-0.01056
-0.0103168
-0.0100775
-0.00984383
-0.00961685
-0.00939369
-0.00917625
-0.00896358
-0.00875759
-0.00855446
-0.00835514
-0.00816441
-0.00797272
-0.00779057
-0.00760937
-0.00743294
-0.00726223
-0.00709248
-0.00692844
-0.00676918
-0.00660896
-0.00645828
-0.00630951
-0.00615978
-0.00602055
-0.00588226
-0.00574303
-0.00561142
-0.00548363
-0.00535488
-0.005229
-0.00511169
-0.00499249
-0.00487614
-0.00476265
-0.00465488
-0.00454807
-0.00444031
-0.00433445
-0.00423908
-0.00414085
-0.00404453
-0.00394726
-0.00385761
-0.00377083
-0.00368404
-0.00359821
-0.00351143
-0.00342941
-0.00335407
-0.00327778
-0.00320148
-0.00312614
-0.00304985
-0.00298023
-0.00291443
-0.00284863
-0.00278378
-0.00271797
-0.00265217
-0.00258732
-0.00252819
-0.00247288
-0.00241852
-0.0023632
-0.00230789
-0.00225353
-0.00219917
-0.00214291
-0.00209427
-0.0020504
-0.00200558
-0.00196075
-0.00191689
-0.00187206
-0.00182724
-0.00178337
-0.00173855
-0.00169373
-0.00186157
